0.686025662060516
0.0368235351606454
0.0478426984561180
0.0534208437716100
0.0366492992339038
0.0346840457347717
0.0318552975947521
0.0281778966741895
0.0220206474419692
0.0199496257739771
0.00716977717155203
0.0115599646066728
0.0175401587826411
0.0193825912966750
0.0191634827875503
0.00881433498136847
0.00462374326196345
0.0110115228326121
0.0148000235469765
0.00888303598178046
0.00949793312133044
0.00676383722540216
0.00830949547623009
0.00570295253724374
0.00864961313005959
0.00316673351751022
0.00466961440785501
0.00524576041581456
0.00487817612842490
0.00489791437617643