6.37805294619975
38.5847580233549
21.0029693300460
5.00027762477417
4.75309495112991
1.71053902309417
1.30075797268047
0.770952147398428
0.307481217133208
0.137620887077699
0.0826264403183871
0.0575573634577972
0.0939072044499756
0.0571600988828871
0.0534253294186048
0.0499922309275886
0.0546266314157805
0.0376556742675867
0.0325840567804074
0.0368826566912641
0.0328410624515367
0.0252407712285355
0.0217921026067680
0.0107635305983761
0.0102263900373753
0.0174352489400749
0.0122780113331308
0.0179266912901441
0.0228551544531803
0.0180640511403204