0.294496359082944
0.0330208581611752
0.0150170433739709
0.0148572235140929
0.00770281738756889
0.00690952584901348
0.00865422738604897
0.00954562482989628
0.0113427224336185
0.00561701416459291
0.00875221848920339
0.00579232204361804
0.00344088429008692
0.00948837472824568
0.00596006793091615
0.00369234035412421
0.00725510010185409
0.00602688732823148
0.00948866028393984
0.00570967436901162
0.0106925939409314
0.00842659900885086
0.00740677647713830
0.00538374680826194
0.00799233919464025
0.00615990705610593
0.00731721078433812
0.00672103080155764
0.00701721122244644
0.00556378447550605